0 0.8546875 0.52265625 0.1265625 0.190625
0 0.3015625 0.20703125 0.11640625 0.14296875
0 0.253125 0.1078125 0.1171875 0.16328125
0 0.7578125 0.3265625 0.1234375 0.15703125
0 0.93046875 0.465625 0.1125 0.15625
0 0.065625 0.203125 0.13046875 0.153125
0 0.56484375 0.66484375 0.134375 0.18671875
0 0.88984375 0.696875 0.13515625 0.178125
0 0.86875 0.32578125 0.11484375 0.128125
0 0.2984375 0.3375 0.1171875 0.14765625
0 0.5203125 0.41328125 0.12109375 0.15390625
0 0.77421875 0.64609375 0.12734375 0.1671875
0 0.6828125 0.55234375 0.10859375 0.159375
0 0.18046875 0.2046875 0.115625 0.10703125
0 0.640625 0.29765625 0.1125 0.153125
0 0.09453125 0.584375 0.1390625 0.1765625
0 0.38125 0.23828125 0.10078125 0.14375
0 0.78359375 0.89140625 0.1109375 0.18515625
0 0.35 0.66328125 0.12734375 0.17578125
0 0.0546875 0.73984375 0.109375 0.175
0 0.1078125 0.3390625 0.14140625 0.1796875
0 0.61953125 0.440625 0.1046875 0.14375
0 0.390625 0.41953125 0.11796875 0.15
0 0.79765625 0.4515625 0.0953125 0.1375
0 0.93671875 0.9140625 0.1234375 0.171875
0 0.2046875 0.74921875 0.1453125 0.15234375
0 0.6875 0.9125 0.13828125 0.1734375
0 0.33515625 0.90078125 0.14375 0.19765625
0 0.51875 0.91015625 0.134375 0.17890625
0 0.95234375 0.61875 0.09375 0.12265625
0 0.28671875 0.48046875 0.1109375 0.146875
0 0.1671875 0.4375 0.1578125 0.16171875
0 0.6703125 0.696875 0.1125 0.14375
0 0.146875 0.9015625 0.1375 0.17265625
0 0.6546875 0.840625 0.1234375 0.15
0 0.70078125 0.428125 0.0859375 0.11484375
0 0.240625 0.6 0.11953125 0.1328125
0 0.16953125 0.28515625 0.11328125 0.12421875
0 0.04609375 0.42890625 0.0921875 0.17109375
0 0.4515625 0.6859375 0.10234375 0.15390625
0 0.9109375 0.825 0.109375 0.11171875
0 0.35625 0.57109375 0.1140625 0.11796875
0 0.97265625 0.503125 0.0546875 0.1515625
0 0.97578125 0.7109375 0.04765625 0.14609375
0 0.784375 0.7796875 0.0953125 0.11640625
0 0.5546875 0.5375 0.1 0.11640625
0 0.5296875 0.7953125 0.096875 0.12265625
0 0.75625 0.53515625 0.0671875 0.1140625
0 0.4125 0.865625 0.08203125 0.1578125
0 0.04375 0.88125 0.08359375 0.14375
0 0.153125 0.66328125 0.08984375 0.12421875
0 0.5125 0.31328125 0.0921875 0.071875
0 0.26875 0.70859375 0.06953125 0.1
0 0.24296875 0.28984375 0.0484375 0.08984375
0 0.2890625 0.08828125 0.0609375 0.096875
0 0.33125 0.16875 0.06015625 0.0625
0 0.615625 0.55546875 0.05703125 0.10390625
0 0.0234375 0.290625 0.046875 0.10546875
0 0.2046875 0.33671875 0.04921875 0.0734375