0 0.1453125 0.52265625 0.1265625 0.190625
0 0.6984375 0.20703125 0.11640625 0.14296875
0 0.746875 0.1078125 0.1171875 0.16328125
0 0.2421875 0.3265625 0.1234375 0.15703125
0 0.06953125 0.465625 0.1125 0.15625
0 0.934375 0.203125 0.13046875 0.153125
0 0.43515625 0.66484375 0.134375 0.18671875
0 0.11015625 0.696875 0.13515625 0.178125
0 0.13125 0.32578125 0.11484375 0.128125
0 0.7015625 0.3375 0.1171875 0.14765625
0 0.4796875 0.41328125 0.12109375 0.15390625
0 0.22578125 0.64609375 0.12734375 0.1671875
0 0.3171875 0.55234375 0.10859375 0.159375
0 0.81953125 0.2046875 0.115625 0.10703125
0 0.359375 0.29765625 0.1125 0.153125
0 0.90546875 0.584375 0.1390625 0.1765625
0 0.61875 0.23828125 0.10078125 0.14375
0 0.21640625 0.89140625 0.1109375 0.18515625
0 0.65 0.66328125 0.12734375 0.17578125
0 0.9453125 0.73984375 0.109375 0.175
0 0.8921875 0.3390625 0.14140625 0.1796875
0 0.38046875 0.440625 0.1046875 0.14375
0 0.609375 0.41953125 0.11796875 0.15
0 0.20234375 0.4515625 0.0953125 0.1375
0 0.06328125 0.9140625 0.1234375 0.171875
0 0.7953125 0.74921875 0.1453125 0.15234375
0 0.3125 0.9125 0.13828125 0.1734375
0 0.66484375 0.90078125 0.14375 0.19765625
0 0.48125 0.91015625 0.134375 0.17890625
0 0.04765625 0.61875 0.09375 0.12265625
0 0.71328125 0.48046875 0.1109375 0.146875
0 0.8328125 0.4375 0.1578125 0.16171875
0 0.3296875 0.696875 0.1125 0.14375
0 0.853125 0.9015625 0.1375 0.17265625
0 0.3453125 0.840625 0.1234375 0.15
0 0.29921875 0.428125 0.0859375 0.11484375
0 0.759375 0.6 0.11953125 0.1328125
0 0.83046875 0.28515625 0.11328125 0.12421875
0 0.95390625 0.42890625 0.0921875 0.17109375
0 0.5484375 0.6859375 0.10234375 0.15390625
0 0.0890625 0.825 0.109375 0.11171875
0 0.64375 0.57109375 0.1140625 0.11796875
0 0.02734375 0.503125 0.0546875 0.1515625
0 0.02421875 0.7109375 0.04765625 0.14609375
0 0.215625 0.7796875 0.0953125 0.11640625
0 0.4453125 0.5375 0.1 0.11640625
0 0.4703125 0.7953125 0.096875 0.12265625
0 0.24375 0.53515625 0.0671875 0.1140625
0 0.5875 0.865625 0.08203125 0.1578125
0 0.95625 0.88125 0.08359375 0.14375
0 0.846875 0.66328125 0.08984375 0.12421875
0 0.4875 0.31328125 0.0921875 0.071875
0 0.73125 0.70859375 0.06953125 0.1
0 0.75703125 0.28984375 0.0484375 0.08984375
0 0.7109375 0.08828125 0.0609375 0.096875
0 0.66875 0.16875 0.06015625 0.0625
0 0.384375 0.55546875 0.05703125 0.10390625
0 0.9765625 0.290625 0.046875 0.10546875
0 0.7953125 0.33671875 0.04921875 0.0734375